0
0
0
0
0
0
0
0
0
0
0
0
0
0
0
0
0
0
0
0
6.35428
6.62691
5.54531
4.82125
2.95257
0.107427
-2.38264
-2.2629
-3.00157
-3.78251
-3.15668
-4.03155
-3.54327
-2.45422
-2.21654
-0.624173
1.45331
2.10226
1.6339
2.36623
1.37142
0.920587
0.730435
1.06932
0.747421
1.77343
-0.141577
-1.72863
-2.06698
-2.22463
-2.68517
-1.56638
-1.3176
-0.318667
-0.358703
-1.19955
-1.28747
-0.0747958
1.13161
1.7005
2.7677
1.84704
0.773724
-0.992169
-2.72803
-4.01966
-3.78634
-2.61221
-2.62482
-3.71474
-3.38818
-3.75227
-2.83925
-1.41238
0.664986
2.28755
4.79899
3.86749
2.35743
2.83812
2.01522
0.881021
0.920919
0.982928
0.904957
0.157969
-0.512545
-2.87903
-1.824
-2.63228
-2.61429
-0.601771
-0.277087
-0.548957
-1.50221
-1.9614
-1.84587
0.141712
1.55014
2.666
2.7806
2.34856
2.33097
1.46711
2.03933
2.64981
2.87847
2.74233
0.914125
1.68444
0.027428
1.53912
0.904072
1.65872
2.38785
2.50823
1.77517
-0.174067
0.255938
-1.71619
-0.905122
-1.13647
-1.83189
-1.50572
-2.86186
-4.09813
-4.47417
-2.85585
-1.53642
-2.4387
-1.4058
-3.23572
-2.23876
-3.13054
-1.64681
-1.14789
0.676323
0.550609
-0.96347
0.914805
2.46317
3.58328
3.35392
3.06602
3.1299
1.8859
0.85653
0.216285
1.27674
0.53845
-1.24582
-2.02681
-2.06793
-0.389985
-0.895254
0.876956
0.105133
1.23444
-0.746096
-1.42909
-0.32941
-0.96052
-1.18702
-2.57834
-3.3843
-3.57705
-3.56546
-2.28829
-2.20801
-0.329364
-1.34138
-0.163146
1.14681
0.869199
2.43437
1.69334
1.52512
-0.508595
0.500948
1.01917
2.0902
2.59341
1.04579
1.02477
0.852912
1.03025
2.34079
3.84746
4.55025
3.06042
0.864195
-1.3626
-0.659773
-0.411229
-1.84605
-1.5449
-2.2636
-4.71919
-3.90371
-3.90156
-2.91941
-0.790278
-0.360143
-1.15439
-0.389528
1.15511
1.05359
2.72618
1.65905
1.11994
1.87361
0.343656
-0.818665
-0.304097
-0.10356
-2.14429
-3.08798
-2.88365
-2.734
-1.55411
-3.35175
-3.73107
-1.83564
0.136089
1.27473
1.74414
2.83104
2.59763
2.1353
-0.189102
2.18881
3.45509
2.58553
0.144328
-2.04765
-1.79268
-0.555333
-0.348855
-0.304886
1.54793
0.8905
-0.20033
-0.449192
0.722958
2.01104
3.37831
1.76846
0.622477
0.822224
1.40216
0.648907
2.61016
2.46143
2.35624
1.26176
-1.11938
-2.86553
-2.87961
-3.59414
-4.76876
-5.65908
-7.08296
-8.92277
-8.81082
-7.87115
-5.33963
-2.32772
-1.1977
-0.795314
-0.427341
2.34397
3.84996
7.27404
8.64527
8.00469
7.71845
6.7609
7.37091
8.08122
8.70371
7.15135
4.80194
3.82208
1.30074
2.52063
1.63865
-0.500053
-2.53341
-3.94607
-4.0023
-5.14334
-3.54023
-3.33586
-4.63417
-4.89396
-7.22662
-4.31308
-2.33367
-1.42036
-2.24475
-1.73257
-1.96737
-2.31615
-0.614662
-0.66938
0.244639
0.208328
-0.825737
-2.26843
-0.674217
0.317645
0.41884
0.411601
0.313713
0.183991
2.27496
1.22781
0.582005
0.632256
1.05528
-0.162579
-0.31932
-1.23605
-0.386263
1.08985
0.0758918
0.225321
1.34269
3.25387
2.59519
3.14593
2.50494
3.17472
3.55664
1.51195
0.989582
1.12446
-0.031163
-0.219306
-1.26872
-1.44963
-1.01664
-1.39696
-3.01938
-2.54248
-0.932368
-1.56006
-2.1211
-1.76018
-2.54818
-1.09766
-0.703744
0.14788
1.07856
2.1591
1.75413
3.02308
3.55827
3.79061
3.55403
2.75614
2.46685
1.32192
1.53464
0.439748
-0.550676
-1.42228
-1.38929
-1.19929
0.858133
1.81057
2.3665
3.15579
4.15779
3.05482
4.08295
5.15057
4.34791
3.03967
0.779604
-1.36971
-1.63529
-3.00025
-3.84937
-4.05823
-3.60497
-4.03705
-3.11098
-2.73838
-2.85656
-1.28539
-1.60898
-0.297836
1.65317
2.63879
0.625074
-1.49412
-2.5785
-2.87651
-0.722175
-0.0461559
-1.04846
-0.389568
-1.97339
-3.09574
-3.52022
-1.21359
1.55633
2.55745
1.35628
0.381184
1.66134
1.86826
0.427541
-0.263366
1.78966
0.63689
-0.0391546
-1.35962
-0.981038
-2.12796
-2.06173
-3.54076
-2.91848
-0.464305
-0.170839
0.0503749
0.411159
1.4479
1.77243
2.83192
3.45643
3.38962
4.10061
4.47657
3.01676
2.22131
1.54295
1.34327
0.0234622
-1.75629
-2.81928
-2.9313
-3.62986
-4.70534
-5.5797
-4.98323
-4.44315
-5.36929
-5.25942
-3.24623
-1.28829
-0.266151
0.640692
-0.382911
-0.0154732
0.440669
-0.0193827
0.260474
2.04484
2.44872
1.68075
0.639065
0.0208808
1.35577
3.09868
3.76642
3.92287
4.24587
4.5267
3.06588
1.48366
1.08195
1.10095
-0.682361
-0.472547
-0.775885
-0.791847
0.292715
-0.968359
-0.697597
1.513
3.46571
3.35633
4.1505
3.86868
2.77512
3.59626
1.22157
-0.293915
0.542492
-2.42303
-5.00601
-5.42997
-3.96966
-4.46204
-3.80507
-5.19889
-4.01241
-1.02907
-0.912515
-0.0519412
1.84482
1.91192
-0.139817
-0.926244
0.528153
1.75164
1.11483
-0.0186635
-0.228486
0.85145
-0.325635
0.734733
1.69681
1.8055
0.14928
-1.03427
-1.22175
-1.14656
-4.02853
-6.06917
-5.17489
-4.53634
-4.15562
-3.54643
-1.73982
-0.986162
-1.33994
-0.904656
2.61023
4.71296
4.8082
2.06458
2.40783
1.91919
1.99326
0.780967
2.26011
2.43175
1.84388
1.14043
0.144846
2.84256
2.69357
2.32142
1.61323
1.00263
0.274601
-2.25026
-3.09092
-3.62672
-3.52887
-3.73766
-3.20668
-1.32849
-1.70179
-1.12834
-0.405591
2.80732
3.96418
4.82163
6.40589
5.29135
5.37596
3.19508
1.82689
3.62441
3.80788
1.72296
1.22894
1.14531
-0.576466
-1.26522
-2.09321
-1.42929
-0.863087
-1.17184
-2.19546
-3.5256
-2.82526
-3.89759
-2.86863
-1.19357
-1.52188
-0.353844
0.418423
-1.04693
-0.345873
-0.131276
-0.629013
-0.648677
-0.745671
-1.43227
-1.65977
-2.8038
-3.25642
-2.97059
-2.89953
-1.42574
-0.625576
1.11383
0.588747
0.121154
1.44592
2.06554
3.38396
2.58
2.94786
3.49198
1.18232
-0.414978
0.729132
1.63448
1.21207
-0.297759
-1.07391
0.469678
0.762238
-0.547375
0.714441
2.45057
2.24236
0.194213
0.54086
2.0662
6.56691
14.6124
26.0869
43.5121
63.4975
86.0024
112.156
141.323
171.436
201.46
231.081
254.888
272.204
282.088
284.878
283.166
277.052
267.525
255.573
242.333
224.924
207.397
189.372
174.476
163.504
153.165
142.394
133.632
123.319
113.131
103.559
95.0022
89.6308
84.574
79.4506
72.2163
67.7412
63.7321
58.3173
54.7911
51.5613
50.3705
47.7297
42.7863
39.2579
35.8953
33.497
29.1652
28.0095
27.0087
23.3261
17.6944
13.5478
12.4842
10.2114
9.66417
8.53071
7.29887
6.26594
3.75518
2.71364
4.87792
6.78377
7.15322
6.25852
6.41871
4.10375
3.51323
3.40663
3.93693
4.20334
3.45695
2.54973
2.7715
1.29036
1.30778
2.51294
4.60685
3.29451
2.79402
2.87577
2.55663
2.04074
0.757091
1.67635
2.07094
1.5162
-0.166141
0.178298
2.10809
1.23208
-0.469395
-0.0100341
-0.252749
-0.551524
-2.09196
-3.03856
-1.82714
-2.31367
-3.52071
-3.8038
-2.14388
-1.07006
-1.8444
-1.0795
0.370708
2.13739
1.95636
1.65623
2.02324
2.43999
2.91217
2.20561
2.79361
3.62082
3.2298
1.17612
1.0188
1.89215
0.89327
0.49831
-0.602102
-1.92908
-1.18981
-1.95461
-1.91281
-0.975873
0.112361
0.428532
1.58214
2.07946
2.60113
3.83522
3.01045
2.26041
1.65561
1.34114
0.59419
0.275241
-1.98493
-1.75492
-2.10419
-2.68299
-1.89756
-1.01653
-0.840407
2.25424
1.47441
0.279888
1.00384
0.721141
0.104135
0.551836
0.817885
-0.197119
0.861918
-1.42309
-3.42929
-2.78619
-1.90906
-1.2006
-0.998658
-3.1331
-3.65068
-2.59688
-2.9901
-3.43286
-1.67499
-0.757425
-0.0947814
0.56708
1.01453
4.71629
5.85605
6.59824
6.08391
6.23226
5.71778
4.34615
4.02092
3.70415
3.23454
1.64458
0.726828
0.288591
-0.00327822
-1.09332
-0.646179
1.52168
1.88229
-0.134629
0.0949356
-0.211265
-1.21982
-2.6407
-2.97352
-2.08527
-0.719381
-2.19768
-4.3291
-3.43167
-2.86437
-3.52959
-3.14569
-2.73604
-2.39334
-0.563737
-1.79398
-1.86512
-0.303374
1.81509
2.07771
3.93831
4.23798
4.76036
5.04464
2.50544
1.14491
1.78287
0.375655
-2.67589
-4.88609
-6.25608
-6.80159
-5.31725
-5.48764
-3.46629
-1.40097
-2.39325
-0.962892
0.14237
2.79134
4.05043
4.81271
2.68868
-0.0513188
-0.640604
-2.66685
-3.44936
-3.21084
-3.31069
-2.48262
-3.79642
-4.04877
-4.58384
-2.30638
-2.24829
-2.84121
0.263234
1.31415
1.20163
-0.76794
-0.756438
-0.88662
-0.41281
0.44568
0.837303
3.13675
3.78206
1.92843
0.751626
1.21592
1.439
0.832313
2.20547
1.50092
1.90504
-0.187069
-2.71491
-3.8759
-3.16263
-2.82591
-3.22277
-2.63019
-3.70178
-3.37689
-5.78493
-5.29431
-3.00721
-1.27165
0.609916
0.702276
2.61318
3.46121
3.32977
3.45074
3.34729
6.26443
3.89702
3.00153
2.32307
2.06194
0.66576
-0.268373
0.820087
0.33784
2.01792
2.93294
2.85309
4.35999
4.62033
3.42935
1.84269
1.03175
1.12432
1.28825
1.60144
-1.48659
-3.21668
-4.95059
-5.90247
-6.10001
-4.18156
-2.20737
-2.31752
-2.86269
-3.89728
-4.30319
-0.892203
-0.934819
1.29696
2.08426
2.3434
1.91639
0.869865
2.90447
4.28919
5.42541
5.21751
5.23725
5.05068
4.96388
3.91561
2.0553
2.01441
-0.578325
-2.92005
-4.65483
-5.8357
-5.47412
-8.26945
-9.12326
-10.0191
-8.58901
-5.97918
-4.12133
-1.79055
-0.372818
0.115452
0.502
2.27355
4.50559
6.31784
5.93819
5.04007
3.74643
2.0038
3.06018
2.62479
1.65968
2.48739
0.768864
1.02199
1.1939
0.848698
-0.254372
0.374231
0.309388
-0.907285
0.535327
-0.736317
-0.712696
-1.09691
-2.30649
-2.41601
-0.578559
0.2156
-1.85877
-1.25696
-0.987656
-2.00705
-0.352255
-2.74344
-1.65982
-1.33038
-2.41022
-3.60686
-2.65552
-1.62368
-4.28649
-4.67209
-5.86259
-3.72179
-2.56605
-3.37141
-2.69958
-2.66532
-1.78076
-1.20743
0.872688
3.71464
4.95851
5.67499
4.09372
3.88154
3.52676
3.79326
3.01371
1.67464
0.338564
-0.398374
-0.851395
-1.78114
-1.5306
-1.0143
0.327425
0.600458
0.258144
1.85618
2.78241
2.20494
2.00041
0.159256
-0.266794
-1.62386
-1.91335
-2.31242
-2.15096
-2.54289
-2.20979
-3.18351
-3.12363
-3.47951
-0.555415
0.869247
2.07505
2.0001
2.00505
2.62029
3.08767
4.59944
5.76931
6.94239
6.60421
5.70271
4.05538
3.79334
3.3179
2.20565
1.16442
-0.356518
-2.19735
-1.92784
-2.54118
-3.15526
-2.95601
-1.29161
-1.6877
-2.33309
-2.08745
-2.62245
-2.21042
-3.25183
-6.02706
-3.49523
-3.0076
-5.381
-5.95359
-4.46973
-3.76888
-2.16551
-0.231585
1.63557
4.72203
4.01811
1.40835
2.32152
4.61354
3.69514
3.00827
2.40373
0.0437162
-1.63461
-4.51458
-6.08713
-3.05349
-2.80425
-3.15223
-3.68299
-2.04727
-1.58803
-0.484508
1.1141
3.44609
5.68993
5.4152
5.69961
6.51417
7.01971
6.20073
5.06656
4.68528
3.15411
2.48234
-0.579322
-2.2499
-1.71941
-2.99374
-2.90691
-4.02556
-3.19168
-4.26895
-2.95616
-1.80283
-1.25034
0.603243
0.228148
0.330991
-0.391268
-0.602243
-0.941861
-0.270297
0.39473
-0.81801
-1.34368
-2.51347
-2.80411
-3.29961
-3.46637
-1.92597
-0.632126
-0.156498
-2.30956
-2.17927
-0.765638
1.30727
1.15115
2.44065
3.22284
2.47387
0.871913
-0.623671
0.985957
2.04866
3.52092
1.41673
0.821888
0.832038
0.0861571
-0.487251
-0.778529
1.43555
1.10728
-0.466097
-1.72779
-3.69992
-4.08316
-4.96146
-4.33454
-3.73699
-2.82005
-3.52244
-4.51953
-5.33729
-6.3159
-4.39678
-2.44618
-2.28735
-1.66884
-1.68122
-1.31026
0.0298641
1.86504
3.29101
4.71577
7.05491
7.27518
6.61135
7.06269
7.96248
7.66569
5.46956
4.75795
4.37589
5.04885
3.83095
1.19647
0.414502
0.747199
0.214321
-0.999846
0.187277
1.2179
0.973765
-0.594366
-2.55534
-0.163257
2.4706
1.8069
1.03125
0.856918
-0.216702
-1.28329
-1.8558
-1.66401
-0.337935
-1.18888
-3.2706
-4.33821
-4.31839
-2.36784
-0.875808
-0.741474
-0.088912
-0.566338
0.0415924
0.866758
2.85579
3.22776
2.78485
2.69179
0.864031
-0.122125
-0.872091
-1.62857
-2.17075
-3.9304
-5.82345
-7.10719
-6.05237
-5.26106
-4.67967
-4.12568
-2.58272
0.437013
1.91486
3.5557
4.71455
6.62739
6.58728
5.42699
4.87576
4.3276
4.59229
3.09735
0.790532
0.0567965
-1.06554
-1.93179
-4.35544
-4.71354
-4.2434
-2.8968
-2.60528
-3.24734
-3.12122
-2.15696
-1.87022
-2.15767
-0.229268
1.76412
2.81042
1.75827
0.658089
0.0499066
0.204064
-0.525527
-0.0774342
0.546954
0.15136
-1.36827
-2.52659
-2.94651
-2.04328
-1.56377
0.17452
0.224593
0.653328
-1.11666
-1.40771
0.0664498
0.539358
1.66873
1.45177
2.0028
0.289472
-0.121576
-0.839885
1.7753
2.63099
1.23048
-0.0616047
-1.50342
-1.78973
-1.87326
-0.594441
0.113189
0.611618
0.494812
-1.42126
-1.02013
0.378908
3.53035
3.73926
2.69685
1.98699
-0.704956
-1.81144
-2.57828
-0.865952
-1.0279
-1.78195
-3.57155
-5.17019
-3.0366
-2.52728
-0.838741
0.97906
0.634678
-0.0541099
-0.774055
0.708077
1.55198
2.35138
1.41216
-0.00173861
-0.987745
-1.91937
-2.73305
-0.256901
-0.598823
-1.95017
-3.06209
-2.63398
-2.64925
-1.33052
0.130854
0.994996
2.39095
1.82184
1.78619
2.97827
2.60999
1.67078
0.961118
-0.152334
-1.27125
-1.79514
-0.874757
-2.87907
-2.2357
-2.72985
-2.49704
-2.16637
-2.0295
-2.84266
-0.457863
0.220731
-0.668728
-0.0569156
0.7448
-0.14994
-0.287907
0.294363
1.38921
3.4929
3.68936
1.35888
1.20221
1.29869
0.927582
0.69212
1.34807
0.825946
0.98965
1.13208
-1.89461
-1.43718
-0.382215
-1.93712
-2.99303
-3.90832
-3.03367
-0.716341
-0.806792
-1.27127
-0.719993
1.52591
1.32293
2.32321
3.63228
4.95451
4.45852
1.99444
-0.402021
-1.27495
-2.46844
-3.53729
-3.81822
-3.35754
-4.59571
-3.59803
-3.29186
-3.29417
-1.58593
-1.34294
2.12575
3.5396
3.8443
2.87418
2.16778
1.49489
-0.0687362
0.673262
2.26809
1.87957
1.09071
-2.13532
-4.26267
-3.93757
-2.32936
-1.17022
0.170408
0.721821
-1.90472
-1.80395
-2.4407
-1.41352
-0.182306
0.598827
-0.252182
-1.69443
-1.98956
-2.67076
-1.55261
-0.3601
-1.49108
0.00406478
0.43897
1.28733
2.35896
3.03342
3.86539
2.34177
2.77322
1.29725
1.58147
1.62836
0.596009
-0.694539
-1.58468
-2.38013
-3.60863
-1.77813
-0.508291
0.226175
3.22917
2.04771
2.9112
4.43592
4.83955
4.57564
5.2261
5.67347
2.52644
2.32796
-0.139725
-1.36776
-0.206408
-1.31793
-2.75402
-3.46002
-3.26177
-4.17052
-3.97786
-2.90755
-2.85338
-0.852287
-2.82508
-2.96872
-1.80681
-0.744311
-0.721716
-0.627717
1.36573
1.1765
0.316573
-0.16951
-0.411034
-0.309004
-0.803723
-0.404943
0.131542
1.75221
0.776776
-0.307642
0.310201
1.01332
2.90713
2.9488
3.25276
3.22118
1.43753
-0.114111
-1.04279
0.202236
0.330405
-0.0586697
-1.19895
-1.85165
-0.823855
-0.774807
0.327995
0.366658
1.31781
0.69572
0.112736
-1.4479
-1.64155
-1.49162
-3.5848
-3.90211
-3.83217
-3.95052
-3.70921
-4.84655
-3.77684
-2.9932
-1.30396
0.177533
2.48
2.92387
1.92236
1.47
0.79092
1.33706
1.6175
1.70719
-0.35626
-3.34749
-5.47608
-6.31885
-6.43389
-6.52764
-5.18239
-4.05412
-5.41981
-4.56507
-3.08163
0.351447
3.57266
5.51679
6.62172
9.40605
8.66245
8.1632
8.62562
10.175
9.23717
7.02888
4.22063
2.90224
1.33947
-1.62874
-2.40478
-2.79906
-2.67067
-3.77303
-4.13984
-4.13161
-2.55351
-3.18496
-2.05509
-1.5405
-1.19804
-0.674989
-0.251684
-2.09928
-2.74236
-2.76279
-3.52345
-3.37239
-1.86779
-1.40706
-0.448959
0.036491
-0.576755
1.46314
3.11839
4.43238
5.35678
5.86554
4.6786
3.35514
1.91328
1.57158
1.73955
0.166012
-0.795945
-0.438753
-1.7242
-2.93953
-2.64835
-2.58735
-1.9147
-1.76048
-1.94555
-1.66164
-0.4759
-1.84014
-2.20708
-2.07423
-1.5342
-1.21717
-0.0219826
1.03005
1.21665
1.66087
0.925849
-0.413096
0.411326
-0.311976
-0.212947
-0.92802
-1.23046
-2.83899
-2.60571
-3.20962
-3.19364
-0.865396
0.875549
2.84778
2.684
4.93692
5.53922
5.15212
3.94744
3.43433
5.32258
4.5952
2.12007
1.28947
0.442226
0.617717
-1.91911
-2.54027
-0.581178
-0.960354
-1.92945
-3.87603
-2.65246
-1.58168
-2.52851
-2.99787
-2.3339
-0.757077
-1.56737
-0.616785
0.764396
2.60172
2.82624
1.68162
1.92822
2.12599
1.5147
0.849979
0.897118
1.37407
-1.41613
-1.54626
-3.06148
-2.13482
-2.51438
-3.10445
-1.74371
-0.744774
-1.0884
-1.8066
-1.75604
-1.043
-0.519749
-0.932878
-0.961086
-1.25295
-1.68003
-3.12406
-2.56284
-0.753396
-0.391056
0.490781
1.16234
2.21188
3.18949
2.77167
4.67735
5.32177
5.52552
3.89531
2.61456
1.1988
0.68741
-1.43501
-3.65306
-3.33222
-3.92349
-3.88839
-5.12723
-5.13214
-4.48944
-4.35527
-3.06951
-3.49526
-1.50391
-1.15076
-1.37003
-1.72101
-1.34877
1.05896
0.551302
1.77527
1.85648
2.89924
3.58721
2.683
3.24198
3.32135
3.42307
1.00992
-0.20942
-0.325299
-2.04276
-2.49376
-3.64497
-2.46543
-2.07093
-1.67762
-1.90633
-1.74977
-0.482531
0.205627
0.969421
1.83015
3.18975
3.39759
1.66781
0.713496
0.681647
0.708648
2.26259
1.00116
0.711634
0.54458
-0.723829
-2.10698
-2.54825
-3.02526
-2.2942
-2.71534
-3.0686
-2.84609
-3.02616
-4.07927
-3.59815
-3.35932
-3.6024
-2.36858
-1.45754
-1.83372
-0.543948
-0.622896
-1.03486
1.23701
2.17671
3.33875
3.28544
3.5024
2.07464
3.39428
2.9665
1.31537
2.95933
2.2784
1.02724
-0.783079
-1.31119
0.182489
1.35593
0.699058
0.10329
1.02177
0.482055
-0.619357
-0.633975
0.62489
2.91757
1.88591
0.197764
0.451246
0.474781
-1.02443
-1.34822
-1.61717
-1.15095
-0.751794
-0.915212
-2.45931
-1.6152
-1.58746
-2.74099
-1.88956
-1.25579
0.0164027
0.79809
-0.997254
-1.47469
-1.30238
0.062355
-0.395244
0.378142
2.00045
1.71862
1.59434
-0.438882
0.294292
0.821013
-0.0716951
-1.80897
-1.96394
-1.05869
-0.493283
-2.00462
-0.128895
2.08278
3.21789
2.60753
3.24029
4.27451
3.7859
3.34322
1.62955
1.8169
0.280479
-1.57023
-3.59072
-3.91169
-3.20685
-1.80682
-0.337323
0.5374
0.891096
2.01723
1.43624
2.17526
3.29994
3.7371
3.67068
1.81994
-0.143103
-1.97349
-2.02586
-2.38728
-2.58795
-2.59628
-3.51939
-4.95832
-4.44865
-3.29908
-0.728245
0.819367
2.0504
1.90143
1.70432
2.54026
4.40392
7.11493
6.8115
5.02692
2.99264
0.941245
-0.195293
-1.86378
-1.38565
-1.98306
-3.716
-5.07762
-5.56585
-3.99248
-2.73362
-0.495219
-0.645069
-0.493672
0.257344
-0.127202
1.45507
1.97722
1.04116
-0.985641
-1.34862
-1.85464
-1.65039
0.271145
1.35226
0.850437
1.28279
-0.0390631
0.679909
2.36891
3.02448
2.19873
2.44094
2.03644
0.660993
0.11812
-0.336231
-0.878021
-0.234973
-1.60686
-1.34387
-0.392624
-0.180138
0.208227
-0.694627
0.231675
0.490727
1.83227
2.56788
3.0473
2.62387
0.447704
-0.985782
-0.670949
-1.21262
-1.36876
-1.37912
-1.55294
-2.52888
-2.85755
-2.90627
-0.992442
-0.0817641
0.586574
0.341895
0.476121
-0.499548
-1.43102
-2.34274
-3.10144
-2.84243
-3.03744
-3.09337
-3.94167
-2.39118
-2.78978
-3.39853
-3.14972
-2.75238
-1.82438
-0.657329
-1.60108
-1.43418
-1.43363
-1.32166
-1.42482
-1.00024
0.933448
3.39469
4.61311
3.67893
4.58889
4.546
3.37739
1.61529
1.85
2.41897
2.39691
-1.11268
-1.67487
-3.30057
-3.78662
-5.13975
-4.12833
-3.06232
-0.868405
-0.129443
-0.553416
0.0278292
0.71286
0.796543
0.902902
2.45539
4.00463
4.14306
2.8443
1.09078
-1.49006
-1.71695
-2.08589
-1.12031
-1.36843
-0.894517
-2.94641
-4.27057
-5.02629
-3.97391
-3.0857
-0.767706
-1.1034
-2.08847
-1.45383
-3.46014
-2.61818
-1.20772
-0.835397
-0.921065
-0.657373
-1.79525
-2.51561
-2.05526
-1.36851
-1.49146
-1.36295
-2.75677
-1.85877
-1.35598
0.0418078
0.449069
3.34166
3.37024
2.80473
4.75536
5.27987
7.75212
8.27738
7.53315
6.27872
6.2748
3.32036
2.36573
2.51699
1.67603
1.21058
-0.111168
-1.73409
-2.59736
-3.02258
-3.28062
-4.08885
-1.60856
-1.51294
-2.46084
-3.42707
-4.9609
-4.46415
-3.74853
-2.17608
-2.3048
-0.664236
-1.75529
-4.33722
-4.71719
-3.39265
-1.03422
-1.00679
0.335523
-1.63083
-1.85572
-1.98595
-2.95047
-0.439153
3.04563
2.70024
1.87079
1.52283
1.93215
3.37682
5.09143
5.03163
6.69385
6.74064
4.33049
2.38965
3.51032
4.05747
2.48159
1.42228
-1.60554
-2.00552
-2.4793
-4.91405
-3.70938
-1.0993
-1.21167
-2.76604
-1.92823
-1.74503
0.815332
2.21525
2.23484
3.7061
4.75214
2.10729
0.318459
1.61878
0.853288
0.933805
0.786375
-2.25956
-3.30521
-3.46751
-5.06911
-3.71735
-1.46314
-0.689825
-0.314899
0.75971
-0.438692
2.18917
4.04895
4.50169
4.26579
4.24438
3.20121
1.79792
1.13707
-0.709409
-0.448609
-0.237947
-1.05637
-1.17195
-1.14964
-0.088034
0.246502
0.623282
0.28666
-0.53048
0.323393
0.48149
-0.36532
-1.65488
-1.14844
-1.32414
-3.01188
-3.22317
-2.80684
0.40224
0.671178
-0.563362
-1.23377
0.11318
0.644006
0.0289235
-0.0277133
-0.161475
-0.321998
-2.31748
-3.43672
-2.27899
-1.1178
-0.532233
-0.320136
-1.72061
-1.78268
-1.22499
0.329583
1.40552
1.8437
1.26929
1.01694
1.12484
-0.196901
-0.304863
1.48274
2.06707
2.47752
0.731924
0.555946
0.992686
0.212774
-1.2413
-1.26657
0.0647658
0.276927
-0.758625
-3.08933
-3.47364
-2.79978
-3.08995
-0.888558
0.418585
1.36178
0.854431
0.774284
-0.328043
0.935928
2.91166
2.25459
3.01304
2.23745
-0.633163
-0.626529
0.346434
1.28424
2.08549
3.37789
3.1095
2.82901
1.74347
0.332413
0.419901
0.741709
-1.32799
-4.09756
-5.12608
-7.14552
-7.50915
-6.09905
-5.93401
-3.99913
-0.754411
-0.859874
-0.367199
2.51956
5.27556
6.13094
5.98748
5.50053
3.90744
4.10904
3.14338
0.877633
2.37524
1.29935
-1.36216
-1.5456
-0.561515
0.182238
0.392471
-0.778283
-2.9442
-1.78153
-2.75209
-4.0626
-3.98938
-3.82897
-5.49837
-6.79172
-6.5532
-6.37363
-2.94585
-1.71473
-1.58998
-0.0710233
1.83711
2.13856
4.06189
4.17814
4.37822
4.78934
3.65589
2.46211
4.56795
4.14898
4.73383
3.23124
4.14695
2.53721
2.7234
2.38122
1.59525
1.03777
-0.924446
-2.52327
-3.46439
-3.73827
-4.06184
-2.84053
-2.15354
-2.06108
-1.71635
-0.914225
-0.857295
0.266294
-0.172546
-0.8843
-1.84884
-1.93979
-2.99457
-2.36216
-2.50131
-1.63745
-1.40461
-0.0223124
-0.362528
2.07658
1.76504
2.18041
2.83435
0.994231
0.128571
-2.62432
-3.99148
-5.91247
-6.83596
-8.07987
-9.42737
-8.2601
-8.09381
-7.43774
-4.88846
-2.16245
0.988179
2.36557
4.20713
5.03497
7.36818
6.57811
6.54628
6.6518
5.61391
4.328
2.83106
1.53062
-0.0873414
-0.27983
-1.10873
-0.820935
-0.705359
0.414088
0.585387
1.10222
0.324437
0.00603233
2.28003
1.97418
2.39653
0.619163
-0.974456
-1.7681
-3.61222
-4.77922
-4.5431
-3.20126
-4.63544
-5.00511
-4.6401
-4.57096
-1.20355
-2.34409
-1.96873
-0.975361
-0.0810396
-0.972718
0.423961
0.613328
0.348369
2.0611
0.0469569
-0.0758047
2.38882
2.50457
1.83377
1.74221
1.1052
0.214759
0.611844
0.551859
-0.21118
1.62563
-0.353761
-0.601599
-0.00496463
0.785577
1.19173
2.73471
1.76066
1.29459
2.11377
1.48079
1.16228
2.95652
2.80438
3.56865
2.21727
2.32806
1.69254
2.35793
1.70428
1.60677
2.69025
1.55464
1.79249
-0.44167
-0.132165
-0.54658
-1.52488
-2.39733
-3.07537
-2.92501
-3.83443
-4.70412
-4.85062
-5.38029
-5.21559
-5.95047
-3.66179
-3.25436
-2.35651
-1.70293
-0.499311
0.0948676
-0.457559
1.69986
1.82925
3.14298
3.29715
2.57797
3.26471
2.58352
1.48785
0.605517
1.14062
-0.0254927
-0.392453
0.369553
0.0962423
0.096437
0.183567
0.191399
1.80006
2.50826
1.28942
2.02986
3.30785
0.914052
-0.0793571
-0.694954
-1.75296
-3.26917
-3.75837
-4.02663
-3.5262
-3.48623
-5.32823
-4.66293
-3.05817
-3.14089
-2.96959
-0.83478
-0.151701
-0.960279
-0.78312
0.400867
2.40729
3.04113
2.3568
2.62499
3.98685
3.57713
1.40961
2.31667
1.61422
1.15692
-0.722107
-0.389698
-1.51902
-0.979463
-1.46044
-3.56843
-2.2032
-1.41765
-0.209888
-0.278659
-0.333665
-1.42943
0.152452
2.11623
1.76709
2.52906
2.78564
3.49902
2.51475
0.600702
0.441334
0.559703
0.619575
-2.42102
-4.19125
-3.02455
-3.20366
-5.03508
-5.4369
-4.4251
-1.18696
0.538633
-0.481342
-0.0680542
1.13829
0.988651
-0.714819
0.0650298
1.13343
-0.180764
-2.86098
-6.10152
-6.24663
-5.75211
-5.053
-4.82092
-1.81734
-0.503682
-0.0501559
2.00139
3.16265
7.07587
8.47991
9.9723
10.8591
12.2203
10.151
7.07566
6.32471
4.31931
4.34698
2.26284
-0.771506
-2.58733
-4.84811
-7.15987
-8.01967
-5.17076
-4.74201
-3.70165
-2.64234
-3.38071
-1.30709
-0.196414
0.828325
2.37503
3.67161
1.37728
-1.11321
-0.950579
-2.18949
-2.75214
-2.29923
-2.14431
-1.41688
-0.444017
-2.674
-1.94728
1.54183
2.90901
3.25031
3.8293
3.61558
2.77012
2.68325
0.811655
0.721462
2.07467
0.698411
-1.14727
-2.48561
-2.82065
-2.28238
-2.37763
-1.70167
-2.34556
-0.695585
-1.09489
-1.31888
-0.113226
-0.302759
1.34992
0.656402
0.214338
-1.16349
-1.86115
-1.20258
-2.22057
-2.55858
-1.4235
-0.702666
-0.710511
-2.45221
-1.70294
-1.75147
0.18143
-0.188417
-0.394824
-0.192651
-2.31696
-2.29017
-3.48425
-2.20382
-1.09017
-0.50279
-0.491124
0.519913
1.37997
3.01479
4.01122
4.87529
5.28661
4.93315
4.55013
5.01846
3.35019
1.53424
0.355416
-0.825209
-2.07085
-1.82804
-2.24402
-3.03854
-3.61962
-3.42922
-2.60147
-0.144135
1.17792
0.25287
1.20966
0.044605
-1.16348
-0.316214
-0.568761
0.829744
0.734242
-0.614364
-2.14451
-0.472935
0.218877
-0.0756245
0.542125
3.22145
4.50255
2.72211
1.8033
0.737034
1.7434
1.3253
-1.04962
-0.669012
0.239293
0.100363
-1.49719
-1.44128
1.05868
2.09817
2.08244
0.497558
2.44654
3.45597
3.1271
1.60058
0.635702
-1.13195
-3.49865
-4.301
-3.89945
-2.79424
-2.50966
-2.96998
-2.94073
-3.75647
-2.90006
-1.62808
-0.281183
-0.799062
-1.12581
-2.20954
-2.33289
-1.73989
-1.76452
-0.733929
0.894311
1.85385
0.936341
1.48464
2.86655
3.1011
2.86734
1.3115
0.616731
-1.2677
-2.35245
-3.31897
-2.75071
-0.479963
-1.35355
0.0453496
1.07062
1.61597
1.92317
2.92131
4.67201
4.3184
3.31726
0.749355
-0.326231
-0.968354
-2.12399
-2.90578
-2.97706
-1.46163
-2.86265
-3.32307
-2.74722
-1.20106
-0.972165
-1.24828
-1.26798
-2.17598
-1.5917
-1.95662
-2.91533
-2.33087
-1.68007
-1.85605
-2.25746
-1.36302
-1.54724
0.390679
1.07656
-0.239215
-0.0484682
1.48501
1.41642
-0.303161
0.0317819
1.53008
2.18901
1.42281
0.183489
0.855254
1.58676
0.0251377
-1.75782
-1.01903
-0.0426914
-1.52974
-2.8834
-1.33189
0.782054
1.33036
1.53139
1.59914
3.88567
4.90917
4.39718
4.13345
4.95817
3.95154
1.39698
-0.0974922
-0.5652
0.5674
0.293873
-0.593294
-0.794068
-1.17171
-1.00638
-1.81945
-0.773645
-1.26712
-0.635977
-2.04629
-3.46632
-2.64339
-2.22732
-1.01421
-0.133028
-0.155361
0.892264
1.41521
1.11437
1.39936
2.7172
2.27012
1.3463
0.466053
-0.809356
-1.69832
-1.46093
-1.539
-2.05297
-1.58129
-2.7323
-3.41193
-2.81615
-3.50139
-4.49093
-4.28126
-5.01613
-5.44043
-5.22308
-5.66412
-3.93452
-2.47889
-1.01112
-0.556708
1.05131
3.3826
2.91608
5.23451
5.6435
6.09909
7.18626
4.71949
3.02611
2.76909
2.14382
1.53175
1.49362
0.697299
-0.163207
1.11395
-0.880078
-1.41005
-0.693579
0.54051
-0.147422
-1.06613
-0.852584
-1.64308
-0.885108
-2.58759
-4.23536
-0.652919
-0.280915
0.0560863
-0.137986
0.669526
0.404018
-0.117724
-0.597103
-0.592986
1.06861
0.122305
-1.96219
-2.6951
-0.782425
-1.46465
-0.759127
0.362451
0.880577
0.851809
0.840513
1.15796
1.95316
1.535
0.431888
-1.01997
-0.459962
-1.09303
-1.25831
-1.06161
-1.13369
-1.47382
-2.41202
-2.18515
-1.97167
-0.74237
-2.16105
-3.06795
-3.55259
-3.37315
-3.69195
-2.31856
-1.16618
-0.638257
-0.171557
0.360453
0.428005
2.46832
3.3695
4.68925
5.56996
4.36659
3.93891
2.67354
2.16077
0.613106
0.380415
0.405482
1.14637
-1.15208
-3.72023
-4.46083
-3.38124
-3.06605
-2.14597
-1.60286
0.205305
0.146767
-0.709794
-1.58108
3.17888
4.10417
4.09584
4.40337
3.87452
4.05799
3.15734
2.32728
2.02668
2.18152
0.136492
-2.1831
-2.46909
-3.66452
-3.71014
-3.89437
-4.63882
-3.67775
-3.67913
-3.43387
-2.6639
-0.994442
-0.418939
1.03342
1.20457
0.317431
1.53564
1.57343
1.14214
2.25807
2.82144
2.06503
0.64394
-1.90797
-3.13422
-1.04894
-1.1096
-1.5655
-1.95914
-1.34215
-3.34282
-4.07309
-3.24355
-0.261203
1.50141
1.39238
0.688189
0.915731
0.609661
0.336234
-0.328391
2.60761
3.92027
3.4353
1.76871
1.39834
2.39513
2.00956
2.8112
3.63862
4.99477
4.34715
1.78162
-0.150091
0.538712
0.674477
0.526296
0.180814
1.1121
-0.435705
-1.28476
-2.69041
-2.1791
-0.569212
0.275285
1.1449
2.13987
2.76219
1.10186
-0.0645824
1.12986
0.507813
0.877638
0.713692
0.0574921
-1.21249
-3.66573
-4.83026
-5.51332
-3.35898
-2.5211
-1.31529
-0.207071
1.26213
1.71547
1.53207
2.30787
2.0594
2.46809
2.86216
2.18246
1.3856
0.373685
-0.205489
-1.95739
-1.01408
-0.494232
0.778859
2.76395
0.607739
-0.114961
-1.05535
-1.44352
-3.34702
-3.39756
-2.26152
-4.14025
-5.04715
-5.79449
-4.76431
-3.10821
-1.47282
-1.14947
0.121555
2.26372
0.970243
1.38489
2.90442
2.56289
2.63892
0.935261
0.136447
1.45646
1.11873
-0.851011
-0.439826
1.20649
-0.159399
-1.16395
-0.91398
-1.65173
-0.218298
-0.933463
-2.71076
-0.898764
-0.263219
-1.95268
-2.43514
-1.17318
0.487311
0.35382
-1.09823
-3.3447
-2.18945
-1.61285
-2.59032
-2.20801
-1.40605
-1.96956
-2.4476
-3.33968
-2.763
-0.387678
1.33234
1.14867
0.359649
1.67911
2.24983
2.79163
3.03136
3.85625
5.95573
6.71183
6.97977
7.13579
8.25661
8.22271
6.24416
6.45061
4.88382
4.40394
2.09491
-0.0060329
-2.04361
-4.12707
-5.46694
-7.60688
-6.60527
-6.36283
-7.20755
-5.64668
-5.55394
-5.23976
-4.68955
-3.73286
-2.69741
-1.29768
0.156411
-0.74112
-0.823479
-1.52456
-1.08068
-0.357346
-0.0700541
-0.376266
-1.02339
-0.287832
-2.74543
-3.4848
-1.92769
-0.0383381
0.711326
-0.601668
0.186942
1.03711
2.27742
1.75458
1.82306
3.95373
3.87443
0.622074
-0.641627
1.91311
1.62745
1.74856
0.161517
0.273212
2.35441
2.71859
1.90765
4.4089
6.10534
4.50743
3.11709
2.87658
2.2012
2.57316
1.10686
-0.751647
-0.816089
-2.32344
-4.12245
-4.3752
-3.19342
-3.98514
-3.81762
-3.69223
-3.21592
-3.95199
-2.68332
-2.41202
-0.675142
-0.326522
-1.03946
-0.662085
-0.0668101
-1.73836
-2.4776
-1.09108
-0.374223
-1.55969
-3.01657
-3.6379
-3.47876
-1.94644
-2.7858
-1.54717
1.16121
1.65308
0.546738
2.97531
4.48045
5.16268
6.22126
4.67475
3.65269
3.5689
1.81331
0.863091
-0.177895
-1.6279
-4.72299
-5.25882
-5.76898
-7.29434
-4.92842
-2.42982
-2.72673
-1.99922
-0.234299
0.767302
2.61296
3.25221
2.99736
3.85819
5.25821
3.1234
2.32045
2.67635
0.812756
-0.341423
0.751295
0.74099
0.998409
2.02821
2.25235
1.5116
2.59769
2.39841
2.94733
4.74666
3.52646
2.16147
1.46228
0.77146
-0.890612
-1.33199
-1.5284
-1.90052
-2.13887
-3.04804
-3.33887
-1.92853
-1.506
-0.455686
-0.548407
-0.763205
-0.601222
-0.249654
-0.992598
-1.52608
-0.90676
-0.45685
-1.16862
-1.10222
-0.700218
-0.191232
0.442414
-1.25178
-1.25113
0.228612
0.578209
-0.495796
-1.56446
-2.66409
-3.91317
-4.60679
-4.17783
-3.7348
-1.93685
-2.63452
-4.01779
-4.71926
-2.45687
-2.36198
0.14933
1.03905
0.239106
0.935692
1.13197
1.54714
2.78686
3.86771
3.41133
3.87752
2.77049
2.21691
2.11182
1.5931
-0.786616
-2.19849
-3.81972
-5.6036
-4.34391
-4.7225
-5.63254
-4.83417
-5.07583
-3.94455
-1.55831
0.386478
1.36051
3.96917
4.78851
3.61511
4.81421
5.25143
5.94729
5.46173
5.45979
4.47922
4.23713
4.72909
2.67786
3.58864
3.27328
2.61997
0.812607
0.502441
-0.061218
-1.57193
-1.50649
-2.5389
-2.36612
-1.7239
-1.9052
-2.13293
-1.61095
-0.939452
-1.55428
-1.81017
-1.26971
-1.68114
-2.24273
-4.21858
-4.88306
-4.71546
-4.05366
-4.05553
-3.29554
-0.980561
-0.000172455
0.5012
-0.491048
1.25732
2.77701
2.84774
3.60592
3.49446
3.72976
3.04743
0.729584
0.0748089
0.649513
2.0988
0.750195
1.09172
0.387464
-1.28286
-2.53493
-2.57435
-3.07114
-2.98015
-1.12516
-2.99969
-2.59371
-2.69254
-2.79164
-1.90091
-0.541874
-1.02729
0.117278
1.42808
1.12359
-0.0887924
-0.155084
-0.885872
-0.86848
-0.555397
-0.754129
-0.0747607
0.76301
-1.42012
-2.47113
-1.86439
-1.01054
-0.172007
0.767904
1.17377
1.8535
1.56146
-0.175983
1.62134
3.40326
4.46579
5.29321
4.45727
3.8105
1.43942
1.39561
0.466835
2.78322
3.18587
2.0236
1.78919
1.15263
1.54753
0.527153
3.44007
5.12142
5.91352
4.08116
2.3223
1.002
0.445088
-1.31324
-1.62173
-0.922066
-1.092
-5.18167
-6.50115
-6.00241
-4.03589
-3.60253
-2.88389
-1.90953
-2.03771
-2.58684
-4.19712
-3.21898
-1.1422
-0.363299
-2.56242
-3.47463
-3.33808
-2.29804
-1.98575
-1.82548
-0.315262
0.250545
-0.672727
-2.37944
-2.00037
1.24657
1.23743
-0.263017
0.553512
-0.27167
0.36228
-1.48913
-1.1007
1.88345
2.99961
1.03622
-0.878378
-0.0036745
-0.954217
-1.12845
-1.23692
0.391862
0.727156
-1.6988
-3.46623
-1.87533
-0.0830403
-0.492416
-0.392095
1.87715
1.71909
2.50042
2.0758
4.00153
5.5451
4.89754
3.94992
4.37435
4.74342
3.29388
2.3564
1.71697
0.198766
-2.38845
-3.37664
-4.19334
-3.38259
-4.65346
-5.39528
-5.10169
-4.34135
-5.33614
-5.58177
-3.52371
-1.76387
-1.31668
-1.3149
-1.26105
0.640567
1.34343
0.77007
2.29203
3.56763
2.69293
2.25712
1.45281
1.47639
1.72105
0.817419
-0.384299
-1.13191
-1.5269
-1.5856
-0.196452
1.3736
0.778263
1.41901
0.451051
0.579911
1.37094
2.84171
2.29844
3.34391
2.03644
-1.02728
-1.05346
-0.376098
0.524955
0.913099
1.39936
0.571353
-0.884424
-0.758411
-1.13133
0.247812
0.692122
-1.61088
-2.19434
-3.17042
-2.98842
-2.13128
-0.326782
0.458963
-0.323244
-1.43243
-1.55409
-0.257377
0.763553
0.674063
0.0686119
-0.680649
-1.12535
-4.19627
-3.58951
-3.00419
-2.3469
-3.34123
-2.83555
-1.66775
-2.62179
-1.86942
-2.30726
-0.624151
2.2569
2.4784
3.48586
4.26772
4.39594
3.16759
3.50398
3.91288
3.2401
3.40248
0.100037
-0.958473
-1.18762
-1.31861
-0.786215
-0.296345
2.282
1.22698
3.72458
4.77237
6.0656
6.58899
6.14503
5.81883
4.50096
2.60222
0.813834
-1.84366
-3.3294
-6.25057
-6.78269
-7.10677
-6.25274
-5.69298
-5.96147
-3.97234
-3.64724
-1.49876
-0.1244
1.52103
1.69277
2.60384
0.976208
0.260959
-0.291449
-0.169846
-1.03717
0.113407
-1.34499
-2.49558
-1.24666
-1.78034
-2.57871
-0.430189
0.179514
0.846173
1.93299
1.30521
0.312208
2.23233
2.3453
1.53787
3.96151
2.88995
2.3026
0.891225
-1.29035
-1.65841
-0.218857
-1.29444
-3.03956
-0.572364
-1.19345
-1.73092
-1.68166
-0.742728
1.48094
2.59239
1.33732
0.903399
2.78526
1.98891
-1.29896
-1.39361
-1.02562
-0.00154988
-0.619516
-1.76527
-1.66229
-0.862066
-2.0353
-2.76405
-0.0313723
0.606613
1.24497
0.401482
0.36646
0.0504016
0.712015
0.771642
-0.247825
0.0549133
-0.905962
-2.10531
-1.88096
-2.87044
-3.70091
-4.05267
-2.26445
-1.79478
-0.577406
0.098221
1.91213
3.25254
3.14618
3.08765
3.2782
3.33356
4.12022
1.27289
-0.0539923
-0.598982
-1.67391
-2.89302
-3.01817
-3.58103
-2.42249
-0.945613
-2.29879
-2.33313
-0.48939
-1.02921
-0.949597
-1.18198
-1.83993
-1.89374
-2.2742
-3.42849
-4.31567
-2.07695
-2.37638
-2.1194
-1.04477
-0.013861
2.97746
6.23448
6.41074
7.62345
8.09752
7.76428
7.41941
8.16383
7.42402
7.95427
5.1891
0.520806
-2.46547
-3.31671
-4.42477
-4.60093
-4.12379
-4.58232
-4.12156
-5.0546
-5.26
-2.41853
1.42572
2.14082
3.33007
3.90599
3.49978
2.19952
1.2368
-0.927912
-1.48466
-2.76432
-4.4819
-5.37037
-5.53571
-6.36155
-6.33051
-5.74567
-5.59137
-4.55481
-3.53854
-2.10161
-0.711861
-0.484581
-1.01799
-0.625053
-0.264406
0.246808
0.577375
1.98213
3.26263
3.28823
3.96651
2.6331
3.17605
4.08846
3.24094
2.83033
1.97906
1.97248
1.0836
0.077556
-1.7668
-1.08222
-0.900877
-2.41581
-2.16825
-2.4274
-2.42847
-2.26284
-2.72481
-1.74327
-1.29818
-0.439813
-2.00901
-0.594009
0.824033
-0.00059716
2.34622
3.4436
2.96214
1.51854
0.428627
0.165534
1.68239
1.27897
-1.04769
0.0729711
-0.722028
-4.32217
-4.13105
-1.83724
-0.779905
-0.838928
-0.700637
-1.74185
-0.209219
1.18481
-1.169
1.49424
3.04034
1.84994
0.519319
0.85297
-0.205711
1.1005
1.51022
0.257921
1.62157
1.5049
0.207372
0.557007
0.51086
0.0179931
0.755543
1.8632
-0.42616
-1.09908
-0.959665
-0.621483
0.355386
-0.93526
-1.88285
-1.02195
-0.106277
-1.40936
-0.968986
1.55553
0.183229
-0.0667668
-1.89927
-0.96093
1.56573
1.92921
0.234565
-0.273015
0.624517
-1.52062
-1.38187
-1.23306
-1.39029
-1.51793
-2.12184
-3.68138
-1.20739
-0.0969565
-0.873892
-0.290805
0.876637
0.854444
2.98376
3.55966
3.80555
4.31123
3.73593
1.69361
1.88601
2.26097
1.55457
1.89175
0.249968
-0.491673
-1.31463
-1.25281
-1.76168
-1.27889
-0.0760612
0.0511749
1.59864
0.472581
0.183321
0.611699
1.22354
2.23584
1.51616
1.37412
0.994319
1.4156
0.538606
0.210295
0.794471
0.338378
-1.42714
-3.19252
-3.87839
-2.39132
-2.90594
-4.23632
-5.67918
-5.56118
-4.87343
-3.74335
-1.328
0.0819575
2.60876
2.08621
2.09848
1.85593
1.85858
1.97051
1.37929
-0.373209
-0.822565
-1.45143
-2.16642
-3.07735
-3.91588
-4.38008
-2.01291
-1.47301
-1.59692
0.109962
-0.261828
-0.954245
-1.41092
-0.965854
-0.87904
1.14314
0.349319
-0.82225
1.08142
1.7021
0.981897
0.931289
0.929057
0.906316
1.81255
1.6594
0.730636
0.938521
0.852582
-2.13428
-3.90055
-2.3031
-0.868388
-0.701395
-0.384893
-1.22153
-2.06493
-1.72247
-2.59988
-1.49557
1.89619
2.82576
-0.106782
-2.13571
-2.05489
-3.30657
-2.72446
-0.369732
-0.243428
-0.549762
-2.09479
-3.66717
-2.60928
-0.716971
0.619848
1.14121
3.14725
2.39648
1.28854
2.1734
4.57796
5.71271
4.68078
5.08157
4.12435
4.42441
4.04125
2.07535
2.3788
1.98317
1.30555
-1.15729
-2.18412
-1.54309
-2.99887
-3.23878
-4.74883
-4.06258
-3.39283
-4.57178
-4.47537
-4.00062
-0.808168
-1.39543
-1.45564
-0.948088
1.54056
2.97401
1.99522
2.72562
2.86466
2.9703
1.17742
0.442097
1.90156
2.52466
1.72174
-0.650841
-0.652385
-0.615743
-0.94682
-0.222287
-0.572853
0.880235
0.510179
1.4084
0.100979
-0.31896
-0.565343
-1.42075
-1.60804
-2.01789
-0.641322
-0.553245
-0.804055
-3.58469
-4.54129
-2.40223
-0.19375
1.10377
2.11565
2.88253
2.20015
0.504539
-0.101448
-0.145947
1.88135
1.7192
1.12428
0.441845
-0.458869
-1.84118
-1.75337
-0.235351
1.18302
2.96348
3.45931
2.47617
1.31033
0.425985
0.514691
1.85735
1.05385
0.213123
-2.12859
-4.02983
-5.19993
-4.7513
-4.11652
-3.09959
-4.03617
-5.89682
-5.80356
-5.9839
-5.12516
-2.90974
-2.50871
-2.8699
-2.64705
-1.45724
-0.862603
0.837321
1.75899
1.70481
4.13521
2.98497
2.62556
3.33837
3.89853
2.72952
2.14189
1.11096
-0.0935576
1.37095
-0.129055
-1.12479
-0.213905
-0.869041
-2.44707
-2.70683
-2.49563
-0.782144
0.667608
1.27666
-0.131514
1.60276
2.89799
4.49397
5.55977
5.65841
5.13344
3.39877
1.72888
-0.182071
0.771407
2.05041
-1.95545
-4.40473
-6.56047
-6.6988
-5.52028
-5.27071
-2.45765
-1.97787
-1.10409
-2.90607
-2.54703
1.18534
2.77222
3.72241
4.3595
6.05618
5.15528
5.19063
4.59633
3.98829
5.69398
3.59099
3.54272
3.67079
2.73863
1.25205
-0.528132
-1.4293
-3.80054
-3.40192
-1.84671
-2.52865
-3.24741
-3.50883
-4.40314
-4.64495
-3.96734
-2.92202
-0.564077
1.22775
-0.289934
-1.87965
0.237125
1.15431
0.64469
1.80962
2.893
3.65743
3.27717
2.28722
0.821924
2.56527
1.8177
-0.836065
-0.809333
-1.39541
-2.84955
-5.21889
-6.9486
-6.9968
-5.49065
-5.88438
-7.00157
-5.49398
-4.048
-2.98054
-2.94983
-3.04015
-0.790758
-0.134155
-0.0639048
0.188256
1.80788
3.3487
2.88285
1.49111
3.04185
5.62292
7.08691
5.60771
5.19214
4.89267
3.70218
2.21052
2.54302
3.20474
2.59287
-0.0507119
-2.8801
-2.02407
-0.876662
-0.35285
0.33863
0.456109
0.120795
-1.96725
-2.48818
-1.53634
-0.387632
-1.01697
-3.11003
-3.48405
-3.84604
-5.39053
-5.09326
-4.02665
-4.58314
-4.60768
-4.46868
-4.13052
-2.34265
-1.33758
-0.773383
0.298452
1.75546
2.64949
4.43475
5.92517
5.9565
6.10726
7.14008
7.88039
6.23276
5.35208
3.43128
2.34179
0.294538
-0.632865
-1.08519
-0.367196
-1.22431
-4.44246
-5.34514
-2.32295
-1.67812
0.231725
1.28327
2.58013
2.17789
1.98719
-0.216797
0.270977
1.7806
0.24753
